Confidence Threshold (%)								
Recall-Precision equality confidence threshold for each animal								
class	NAS	-	RES101	-	RETINA	-	YOLO	-
bear	72.93	87.02	67.17	98.52	49.78	37.07	30.77	1.33
bison	65.92	32.55	0	100	51.65	29.55	38.93	0.1
cow	39.21	98.41	43.79	99.48	22.52	97.43	13.87	83.21
coyote	68.1	17.08	64.13	34.1	43.48	15.33	37.23	0.1
deer	59.89	30.65	70.03	64.62	47.77	53.12	44.13	1.9
elk	57.45	3.43	53.83	6.42	46.58	17.88	37.89	0.1
horse	67.27	94.54	51.79	32.29	39.58	82.88	20.02	89.22
moose	46.94	97.02	52.02	56.96	27.05	36.42	30.19	0.1
